$ 1 0.000005 10.20027730826997 50 5 43 5e-11
d 272 192 272 240 2 default-led
d 304 192 304 240 2 default-led
d 336 192 336 240 2 default-led
r 272 144 272 176 0 330
r 304 144 304 176 0 330
r 336 144 336 176 0 330
w 272 192 272 176 0
w 304 192 304 176 0
w 336 176 336 192 0
370 272 240 272 272 1 0 0
370 304 240 304 272 1 0 0
370 336 240 336 272 1 0 0
g 144 304 144 320 0 0
w 304 272 336 272 0
w 304 272 272 272 0
w 272 272 144 272 0
w 144 272 144 304 0
t 176 64 208 64 0 -1 11.999999213339008 -6.058781760742704e-7 100 default
R 48 -16 16 -16 0 0 40 12 0 0 0.5
w 128 -16 208 -16 0
w 208 -16 208 48 0
w 208 80 208 112 0
w 208 112 272 112 0
w 272 112 272 144 0
w 272 112 304 112 0
w 304 112 304 144 0
w 304 112 336 112 0
w 336 112 336 144 0
O 336 112 384 112 0 0
403 336 16 464 80 0 28_64_0_4098_5_0.1_-1_1
t 96 80 128 80 0 1 -16.20641994115622 -4.206420606817217 100 default
r 128 0 128 32 0 12000
r 128 192 128 224 0 5000
r 144 64 176 64 0 10000
w 144 64 128 64 0
w 128 64 128 32 0
w 128 0 128 -16 0
w 208 112 128 112 0
w 128 112 128 96 0
w 128 112 128 192 0
w 128 224 128 272 0
w 128 272 144 272 0
w 48 -16 128 -16 0
w 16 80 48 80 0
w 96 80 48 80 0
r -16 80 16 80 0 100000
R -16 80 -48 80 0 1 100 5 0 0 0.5
