$ 1 0.000005 11.086722712598126 50 5 43 5e-11
d 272 192 272 240 2 default-led
d 304 192 304 240 2 default-led
d 336 192 336 240 2 default-led
r 272 144 272 176 0 270
w 272 192 272 176 0
w 304 192 304 176 0
w 336 176 336 192 0
370 336 240 336 272 1 0 0
g 144 304 144 320 0 0
w 304 272 336 272 0
w 304 272 272 272 0
w 272 272 144 272 0
w 144 272 144 304 0
t 176 64 208 64 0 -1 8.459575576354444 -0.6777901445082151 100 default
R 48 -16 16 -16 0 0 40 12 0 0 0.5
w 128 -16 208 -16 0
w 208 -16 208 48 0
w 208 80 208 112 0
w 208 112 272 112 0
w 272 112 272 144 0
w 272 112 304 112 0
w 304 112 304 144 0
w 304 112 336 112 0
w 336 112 336 144 0
O 400 112 448 112 0 0
403 272 16 400 80 0 24_64_0_4098_10_0.1_-1_1
t 96 80 128 80 0 1 -7.653505075744693 0.5658277616230372 100 default
r 128 0 128 32 0 12000
r 128 192 128 224 0 1000
r 144 64 176 64 0 1000
w 144 64 128 64 0
w 128 64 128 32 0
w 128 0 128 -16 0
w 208 112 128 112 0
w 128 112 128 96 0
w 128 112 128 192 0
w 128 224 128 272 0
w 128 272 144 272 0
w 48 -16 128 -16 0
R -32 80 -64 80 0 1 15000 5 0 0 0.5
w 304 240 304 272 0
w 272 240 272 272 0
d -32 80 0 80 2 default
c 48 176 48 224 0 0.000001 3.4634753917713113 0.001
r 64 80 96 80 0 10000
w 48 224 48 272 0
r 0 192 0 240 0 22000
w 48 272 0 272 0
w 48 176 0 176 0
w 0 176 0 192 0
w 0 240 0 272 0
w 80 272 128 272 0
w 0 80 48 80 0
w 64 80 48 80 0
r 48 96 48 144 0 1000
w 48 144 48 176 0
w 48 96 48 80 0
w 80 272 48 272 0
w 368 240 368 272 0
w 400 240 400 272 0
w 400 112 400 144 0
w 368 112 368 144 0
w 400 192 400 176 0
w 368 192 368 176 0
d 400 192 400 240 2 default-led
d 368 192 368 240 2 default-led
w 400 112 368 112 0
w 368 112 336 112 0
w 336 272 368 272 0
w 368 272 400 272 0
r 304 144 304 176 0 270
r 336 144 336 176 0 270
r 368 144 368 176 0 270
r 400 144 400 176 0 270
o 39 16 0 4099 20 0.003125 0 2 39 3
